1	0.300578810621	-1.83610036564	-3.23624705799
1	-2.98669452636	-3.35515040043	0.693342299685
0	-4.6373865783	-2.25267690596	2.87593632545
0	-0.0537055857945	-3.53793443469	3.65836972116
1	2.37064720719	0.570777194177	-2.16092961158
0	-3.29001150123	-1.76450847721	4.46877460135
1	-1.13464547253	1.91101629918	-0.723673162277
1	-2.61996701576	-3.61590001776	1.24228032943
0	4.44768117532	2.56669598046	-0.212354544156
1	-3.39894031628	-1.83413533732	-1.33518870858
1	-1.91722440924	-0.201762209761	1.6469287588
1	1.65180326512	1.90488819302	0.7258173848
1	-3.35050906787	-3.36651920051	-0.128771778516
1	-0.21166360428	-2.65535176458	0.824637030833
1	-0.00854629091323	0.091791235822	-2.60335610357
1	-0.887421426247	-1.55845304543	1.64748000718
1	2.46498916059	-0.455353794839	1.55079762611
1	-1.60707054595	-2.2869672102	3.86549180317
0	1.83778166495	4.21175987481	-3.35727950319
1	1.64513804096	3.79456916317	1.96679928898
0	-3.18163072497	0.120081103889	3.92738167466
0	3.54489557113	1.88608568962	-3.33981453546
1	-1.41449044964	-2.83683849134	1.5094511783
1	2.917244384	2.75881818526	2.6555766205
0	4.3260567113	4.84231470361	-3.55837598293
1	-0.549462669523	0.904435505788	-3.46227181673
0	-3.95268365274	-4.47817084065	1.5793663796
1	0.321883702486	2.56194337726	-1.05482278111
1	-2.14259707751	-3.4983105755	-0.135416535615
1	1.92026540824	2.48472227701	-1.25370219045
1	1.65723656807	-1.34408473166	-3.73977100886
0	-4.61472650358	-3.31119671434	4.65047137095
1	-2.96962662069	1.04680325297	1.14335504549
1	3.76471194902	-2.35634168208	0.614199197724
1	-0.414531542637	1.61116062257	3.73551226711
0	-2.84201556787	-0.157017907473	-4.32572155791
0	-2.64382196496	-3.23249089909	-2.85655760363
1	-2.00507278799	2.27395277256	3.27786624288
0	2.10859011648	2.83231392682	-4.0306669897
0	-4.50583517314	-0.0253210909707	-4.48345807383
0	4.46056336634	0.121173494229	-3.11682695469
0	2.58944846044	2.95764366713	4.13902534362
1	3.07589910409	0.0931267072528	-2.5284997302
0	4.27338070636	4.3550951454	0.712429833473
0	3.18052470995	-4.75034847542	3.34488562343
0	2.25841828869	-3.47415963395	-4.90410272098
0	-3.80529053962	1.99751119717	3.86884713278
1	-3.36317890289	-1.95092599858	-2.17684270447
1	1.39070537269	-0.449301055402	-1.50255596201
1	-1.18390814351	-1.23502068868	0.759415722367
0	2.7804912567	-4.54765914809	-1.75370357427
1	-2.36188837295	3.35089707499	0.719221439817
1	-0.270360015446	1.78968794693	-3.37613981071
0	2.28524647919	2.26015639935	3.98245214647
0	2.47673091478	-4.68288917759	-1.95125749859
1	-2.9064497741	1.89156321519	1.5625632919
1	1.60277478241	-1.38637668552	-1.18598234669
0	2.36268875915	4.545968905	4.48597418621
1	-1.33268036988	3.15776267281	0.259203450134
1	-0.201347014655	-2.2793583573	-2.58308852332
1	0.513015264169	-1.40078097445	-4.48087637267
1	1.60973811086	-3.44700021953	1.65989234827
1	-1.54396085452	-1.74712919497	3.42364115688
0	3.50668281714	-2.84765588435	2.17685576854
1	-1.44733481111	-2.6492434396	1.88568492381
0	-3.80379431783	-2.19999001689	-3.93986005173
0	-1.73406073711	3.82776505648	-3.69045960872
1	3.09211693114	-2.07853082469	0.373114682379
1	0.1649883292	0.0540980649269	2.88652523113
0	4.51340326756	-4.71179980677	3.25263562619
1	1.16645405337	-0.304096662005	4.43943947183
1	2.78217425304	-2.0280112626	-1.01316645104
1	-3.23425468428	2.11505151076	1.12645703207
1	3.38352854219	3.01271005715	-1.58164153743
0	-0.861565762725	3.41368425077	4.41782241622
0	0.489629683337	-2.95048771011	-4.66031132233
1	-0.765250908768	2.08797088771	1.74606445746
0	4.54355379979	-4.83020911024	-0.609858581296
1	-0.761633085832	1.88042381912	3.36542148901
1	-1.95074425286	-3.71336221685	0.397797221462
1	1.99441045925	3.70273769973	1.14084514791
1	1.90875456543	-3.54119260378	1.50195795286
1	1.08868653049	-1.70946473124	1.32507972372
1	3.04893035656	2.7654967535	-0.963318679189
1	3.90211985641	-1.50050216922	-2.40551181712
1	-1.59915641425	0.0585663786361	-3.89107481731
1	-0.435054864788	-1.28262370797	-4.2992115841
0	-1.41230632372	-0.975134215822	4.79690263479
0	2.40762652474	-0.327144448478	-4.60144926309
1	0.25174035052	-0.725861264654	1.26458859527
1	-2.02966636341	2.59771621473	2.42770170031
1	-1.06154405104	-0.657934339404	-2.41116332142
0	3.41605521569	-1.73317731913	-3.8534605076
0	-3.46724922571	4.7217509251	-1.99858977728
0	3.53262020314	-3.88082456308	2.27707398276
1	1.63407322567	0.432139435088	-1.67480705896
1	0.726407754443	-4.76209306097	0.73186544649
1	-0.313244970452	2.98153224121	-3.07102167427
1	-3.99676441799	2.00913129229	-1.78780304801
1	-2.03253377714	3.05409888046	1.15691089499
0	-3.82210071033	3.80799984101	4.04008697752
1	-0.376094388244	0.93243366716	0.816661887453
0	-4.89569856795	1.02277850376	-3.2797666156
1	0.0677548432724	2.33984339679	-2.0525570791
1	-3.42906945608	-1.40056076994	0.158892175097
0	1.3232550358	0.0099921755857	4.88627807849
0	4.89522685999	-0.0598465594942	1.13847141346
1	0.0558529153412	4.01580754565	0.969726050323
0	-2.24370527438	0.823709822316	4.48085327115
0	-1.80068635263	-3.77839197548	-3.70419285416
1	-3.24198921079	2.83757995641	1.75434866765
1	-0.252909925608	3.86279932906	1.27763718095
1	1.54015167737	-0.925300293402	0.226293258929
0	4.25475559792	4.85741699395	-0.151950185988
0	-4.7747668738	-3.61342802244	0.76655846133
1	1.13378963282	2.30383987401	3.50076504215
1	1.20858456585	1.40580733562	-2.02368539713
1	1.37794890483	2.46535339239	-0.583654050488
0	-0.662865147765	-3.39096141391	4.78526276837
0	3.95293651107	2.54079823675	4.30030202521
0	-4.36640312366	-3.5619967426	1.74020387077
0	2.11949506048	-4.0869427028	-3.17060876463
1	-2.30876982446	2.7318961543	3.08060542351
0	-2.08819107171	-3.88589847805	-2.66434183961
1	-2.29034621149	1.24111268238	0.306202208944
1	3.88130329568	-2.43077828899	-1.49574116965
0	-4.35843916461	1.05640851512	-3.6082623448
1	1.43755529941	-3.55258224889	1.08554195092
0	0.769005066195	-3.63653470164	-3.64769987243
0	2.15082027876	4.45499063994	-3.99355702262
0	-4.8160496705	1.40497614029	-3.23839196313
1	1.47971531636	-0.391304245291	-3.70091246899
0	-4.62202939639	-3.28077385397	2.58412307989
0	-4.24864968093	-0.072224325764	-3.36164108767
1	-0.196953759714	-2.79647618343	-2.88174653586
1	-3.18492681162	-3.57882234296	0.952437485729
1	1.00329269413	1.49936290263	-2.03277091776
0	3.66469619729	-2.21418713703	3.52008645321
1	1.08171355347	-3.20256727074	2.33601306037
0	3.58006846505	3.08272097901	2.67308886591
1	-0.606315181257	-4.28359776467	1.00751157641
1	0.933349761924	-1.92348179869	-4.23766251314
1	-2.92844905873	3.76866161975	0.88428645424
1	2.9217790696	3.77066877952	-0.267448622417
0	1.18899222283	-4.91783808858	-1.65244005129
0	-2.51260568923	3.84626112741	3.27029052335
1	-0.434239759944	0.711909151049	-0.930134154965
1	-1.50845700259	-1.47422528147	-2.35187376519
0	0.952026774345	1.29988446942	4.88062534448
1	-1.61323284173	1.04999871221	-0.280298745704
1	-2.42748940008	-1.59640621154	1.91638811574
0	-3.36066470636	2.95291156304	2.74470020253
1	1.94799894786	2.37138318165	1.89769675086
1	-3.39616853995	0.223512664073	2.66540041364
1	-4.10588281956	0.6418891009	0.298433699002
0	-3.67522882678	3.13788067645	-2.8071408371
1	3.47016106684	-3.35066752709	-0.339961606329
1	-2.21119339688	2.67534923256	1.49158220276
1	1.19296590746	-3.02407729018	1.65747667454
1	4.63138849369	-1.02308691827	-0.148596022663
0	3.97120339909	-1.10707514277	-4.60330239744
1	3.0056830702	2.32439751583	-0.708066874446
0	2.44765719064	3.80197520644	-2.38320020853
0	-3.16259874461	-4.77729011022	3.11234059329
1	2.12579315878	-2.97531018457	1.49467507207
0	-2.71877901615	-4.53970315333	1.75056744561
1	-2.84511872056	3.78958427226	1.34650754764
0	-1.85813847353	4.58349630458	4.06164772876
1	1.01814667588	2.38315650457	-1.30722627113
1	-2.5786504316	-0.576868638266	1.35494351971
1	-1.94489270592	-3.81371318821	-2.48788565643
1	-0.329659512614	0.222027006615	2.66635190236
1	3.24439508811	-0.805423298447	-2.90836634272
0	4.60068445892	2.89186367372	0.868550159386
1	-0.623640758749	-2.43423704431	0.576666657757
0	4.93751641586	1.55892223187	-0.651636969962
0	-3.17762186291	4.63847782207	1.74861341646
0	4.66073856487	-3.0340709222	-3.74264463701
1	-1.28520162664	-1.81666388533	3.16345774643
1	-1.85514051793	0.0719139160486	-1.70263565055
1	0.620629936274	-4.85790890971	0.219524450301
0	4.52214379741	4.41339135163	1.65439436241
0	-2.61502186935	3.50132999881	2.48766484285
0	3.68386513454	-0.372014963976	3.54032043822
1	3.27196073551	-2.75396212064	0.0118420051666
1	1.76174026168	-0.0257849967457	-0.928336595281
1	-4.40753698372	2.00365270553	0.538749631765
1	2.0875773003	-1.02501437927	-1.57685412347
1	-2.954112404	-3.05549280486	-0.465006250593
1	2.83160220571	2.95372738054	2.63590875606
0	2.58041372258	3.48211941655	-4.59476441186
1	3.01492924337	1.72665326283	3.56964148118
1	3.19547275216	-2.56693715742	1.60114838838
1	4.8498083925	0.436523893328	0.163175323218
1	1.4475579486	-3.56448537275	-3.11830856601
1	-1.5561416051	2.62981454564	-2.2589229783
0	-1.23985585034	-3.45168476906	-4.50066959597
0	2.8939955737	4.30812929065	4.39417772082
0	3.09717823925	-4.94571964156	-3.33490606859
1	-2.32139357481	-0.591183470032	-3.34020611537
1	0.196485973235	1.66815321545	-1.9177332137
1	-0.617138142488	1.10353038095	-1.63934481372
0	-4.15481486869	-2.82114660173	-2.89641526272
1	2.48086632849	0.989888149325	-0.210385690643
0	3.13485930151	3.62322452157	3.53716090067
0	-4.68343898292	0.483090395089	-2.2548971075
1	-2.51003794571	1.91744173303	1.98660491045
1	1.55724127111	-1.56285913959	2.04567682402
0	2.48688201286	4.28851884585	-4.74006136972
1	3.20856628768	1.32055384062	1.70270811528
1	0.164838593213	-2.64606284928	-3.04733196882
0	0.495575456421	-2.97113558088	-4.36934182078
0	1.879894139	1.81937354182	-4.97265554945
1	-1.4484346927	-0.672509053041	3.27039737875
1	-0.559201402815	3.99067787479	-0.0556022817792
1	0.521928949525	4.56273276865	-1.18535840139
0	-4.83992240383	-3.44724459804	-4.07408037644
1	3.37323478113	-1.91430553872	2.17383600715
0	-2.14853792428	4.07894407231	-4.80257393295
1	-1.30634503313	0.820077834253	-3.04354057309
1	-0.516795599925	-2.45917518177	-1.45037480708
0	4.98411882178	1.70493708448	-3.46315440395
1	0.0513045015944	-2.23870057389	1.97393311036
1	-1.14357972728	0.266774355543	2.53354031196
1	-2.22362778827	0.736415272121	3.82752658815
1	-3.02773185667	0.524261332895	-0.404514891415
1	0.776210664294	-1.31658002986	3.96793931847
1	-0.188018754772	-2.26749565216	-1.99326009221
0	4.34386952544	-3.86748864441	0.372251306766
0	-1.40337096672	4.71502442508	3.04521588408
0	-1.08950746349	-4.31302765126	2.84125827777
0	3.82724753751	-3.06225097914	3.56529238503
0	3.08246839292	-0.232437367341	-4.59332591111
1	-3.16660097532	-0.392839282746	-2.12304854194
1	1.05078586609	2.97696637946	0.100411754814
0	3.11010085972	-2.5269120811	3.81361835385
1	-1.95122329023	-0.373897153892	-3.84719470549
0	1.64471011701	-0.088478694296	-4.74976951125
0	-3.05367531774	4.28147417579	2.69444965008
0	1.98823598419	1.94561151801	-4.7131868777
1	3.5562389316	-2.12407130063	0.274480284187
1	-3.30836565275	0.405100725736	-0.957160866853
0	4.36223476942	2.51326811316	1.53675247768
0	2.90405518123	2.63454806607	-4.69326043123
0	4.15433969811	2.84177481908	-4.80817148543
0	4.05844229345	1.04807698246	3.02394381049
0	3.37581082836	-3.76201458856	0.815592349828
0	-4.09738236681	3.39586869739	3.38357542265
1	1.94258896019	-2.89187814817	0.260048663211
1	-3.06194806223	3.44666067366	0.517090980404
0	-2.83558952265	-3.52980111601	-4.13450082543
1	2.96388741226	-1.10262971299	0.36722684758
0	-2.44346335104	3.16772350028	4.85251086882
0	4.85839440138	-4.17206748194	-4.83316036661
0	-4.75395277245	1.71175901082	1.55519453018
0	-0.0581860920672	-4.72467123083	2.59793882402
0	-3.60962802606	-2.74305086742	-2.6742725635
0	4.41563992574	-2.1903259953	-3.09586475615
0	4.9921519474	-4.12278020079	4.76773268809
1	0.466018615146	-1.65199589739	-2.26804515071
0	4.07382760801	-4.13326656322	-2.66563985591
0	1.05100732709	-4.87491582781	-3.2639110225
0	-4.5426171445	-4.65311436559	-4.93430249052
1	-4.59799549565	1.5572430584	0.772467704534
0	-2.33381332674	-4.59678759056	-2.44287561914
0	4.59869809528	-3.29336619782	-4.51711943179
0	-4.60762228642	2.34627181613	-0.260306936276
0	-1.14702925527	-4.48396235782	3.30266688433
1	-1.88431562683	3.7293654603	2.49425670227
1	2.77514066419	-1.38529825348	1.19509985677
0	-4.13653081121	-4.95421846707	4.18004138803
0	0.021508690605	-4.02305666307	-3.98100220604
1	1.55103650037	-4.47763407712	-0.0849662615323
1	1.01234744769	1.77796928414	0.0877524302081
1	0.371467464036	2.82501150059	-3.78764742714
1	-1.94185412743	-0.807537497216	4.48889533911
0	3.60173450239	-3.60958547412	4.29941213128
0	2.51937543602	4.66900059484	4.0702732864
1	-3.2896372507	-0.908910173819	-0.504954028052
1	-1.32398466046	-3.08671496398	1.73040651899
1	-0.807868355983	-1.55749598799	1.29473000234
1	-1.52350205536	2.1357860912	0.243066477123
0	4.86478346668	-3.61585309014	-3.11118073295
0	2.28385579512	-2.92493520284	-4.09945807233
1	0.390486001135	0.799851967591	3.94848046403
1	-0.36378699958	4.31709562356	-0.521691340209
0	-0.236224352752	-4.666183872	2.97968892786
1	0.162343823428	-3.37995731514	1.52609765425
1	-0.487887442222	-2.15755181531	-1.45999739102
1	-0.399911213062	2.39149364034	-4.03357832376
1	-1.70748531124	-0.969071948749	-1.37925595583
0	3.24378953316	-4.20653888541	0.855449683048
0	-3.42865451415	-3.06384288652	-2.59104252199
1	1.91035436826	0.404885147922	1.30746059264
0	-2.1089707187	-2.81678714749	4.21028420318
1	-0.626365785499	-2.59507494504	-4.01171748732
0	3.9982931697	-0.545289404776	4.04000857074
0	1.81012422743	-4.46846469025	4.53982323153
0	4.7227512257	-3.60074095198	4.86172714829
0	3.195465382	-3.67864302406	2.64946291699
1	3.4070544796	0.721341258348	3.30201114813
0	-2.99733602572	2.55112235214	-3.2948600639
1	3.92379145757	2.08226770631	-0.319895989755
1	0.422185534419	-3.54407018576	-0.974659042392
0	-2.45585130299	2.98985868002	4.73682112251
0	3.19985174697	-0.620194026687	4.84463957956
0	3.16585781617	-4.11905831941	-2.1075847397
0	4.71218433275	3.34871685676	3.74646436425
1	2.05174525342	1.61489090349	-2.71097221077
1	-3.62379974742	0.405780226445	-0.169569042811
1	-0.811523128643	3.54259232334	2.69707841947
0	0.940337818506	3.87759403468	4.74367123585
1	-3.66551158374	-2.62159360721	0.982595509524
0	-4.16275946553	3.96734644745	-1.59561559859
0	4.37837818522	-4.49505777974	3.87224112103
1	0.508002581474	-1.27689620676	-1.1586522954
1	0.118603459218	-3.14715260973	-3.71795449064
1	-0.85998221807	3.2623697987	1.4035820496
1	-0.931277109918	-2.86401148448	0.732417572919
0	4.61430599524	0.719719203899	-2.29500308133
0	4.21942058911	-4.75380964098	3.33481621389
0	-2.55688420246	-3.89678059791	2.57566687568
0	3.03462453335	3.5145818521	-3.10632406083
0	3.22055622672	1.78297174445	-3.92437248932
1	1.24835472105	0.0951735542357	1.24342129837
0	-4.53418277518	-2.99883853092	-1.73381311876
0	2.91035722497	-1.96665961691	-3.6172107412
0	-1.60899353361	-4.4061964287	-4.26455974954
1	-1.33535877559	1.09062669771	4.06816540022
1	3.0579692225	1.39465734127	-0.933207576234
1	-1.79100656229	-1.74977360624	-4.06832776003
1	0.0342727959454	4.11681137208	1.64625448303
1	0.74496586382	-0.499634562977	-3.69631191399
0	4.2523492394	1.56435677503	-3.99676910397
1	4.27354282105	1.06897928984	1.78148230345
1	-3.85958038152	0.297440894883	2.30153841056
0	0.408765235527	-3.84990704827	3.5149490336
0	3.02729083987	-2.8788268369	-3.24868013648
1	3.11340856086	-1.83148034532	-2.93903031214
0	4.81825924366	-2.9884434133	-1.52842425009
0	4.75126222055	-4.22445773219	1.74920902431
0	-2.56105169137	-4.70922626543	-2.63832703417
0	-4.7086425176	1.73518907122	0.40686118989
1	4.23529171568	-2.22922346008	1.32294792845
0	-3.73208383328	-2.49409473574	-4.08612349219
1	-2.49536719623	-0.331259117129	2.06533800541
0	2.50863988414	2.11953224569	4.36934267837
0	3.48700908946	-3.96655896067	-4.52229226785
1	0.734255684197	-2.93288531747	2.41446806977
1	-0.813255647469	-0.224548847957	3.2186773799
1	2.03974304783	1.59716032733	1.9318760827
0	-4.85985699261	4.56451220201	1.67833008947
0	-3.97331397577	4.21738964571	-3.01233344567
1	4.4760823915	-0.527147949246	-1.79674504336
0	-3.47450694769	3.36965490324	-3.28340133568
1	0.726234524591	1.92654449172	-0.230665837297
1	-2.86099590556	-0.765087833505	3.43334970572
0	-0.143434880793	-4.4406059112	-3.77885190924
0	3.41429524046	3.94168453714	2.57191415998
1	-0.0525711943871	4.37641198293	-0.141574050824
1	-3.09824540132	-3.90303153939	0.200072250736
1	-3.45809564859	-0.94097949468	0.83082863227
1	-3.58602852554	-0.272068003737	-2.3394744553
0	4.22198645378	-4.85735950617	2.27831989669
0	0.17203404293	2.8067982303	-4.35797752796
0	2.60431597401	4.29781313931	3.03630775555
1	0.651618200246	0.378282638124	0.759620181521
0	-4.64954220522	1.73511776869	-4.88829052871
0	2.30904502536	-4.90239114527	-1.50610063184
0	1.23134564048	1.75634900025	4.64938381253
0	-0.328629680112	4.16085424395	-4.54467999617
1	0.0601105800674	-1.62733878853	-3.76651982561
1	-0.562937101493	0.962176504578	-3.6042884428
0	-4.67799164294	1.96336430437	-1.20430480507
0	-3.33249902488	-4.79722169221	4.33020705936
0	3.11875561533	4.75045940797	4.70448282292
0	-1.13566334152	-4.80845592648	4.03770443171
1	0.784849407706	1.88703406485	-3.37684705764
0	-0.428319151419	-2.93822891654	-4.84355589256
1	0.985820716711	3.15633382621	2.48996247919
1	0.0685025488368	-4.6359342236	0.992746900826
0	-4.30681003348	-4.46649281849	3.89503072351
0	-2.69664838044	-4.67080157642	4.93944724083
1	-4.16375854362	-0.21057553963	-1.38493172682
0	-1.92675071951	-4.0679557229	2.526817402
0	4.62020441542	-0.468616312334	1.96407072994
0	2.58543480171	3.81843660541	3.15937443555
1	1.25185162821	-3.30115842653	-1.03481638944
0	-4.60849079375	-2.79615952998	-0.944421349377
1	-0.589220145664	-3.31394488733	3.53339988973
0	2.20249674755	-4.17480924488	-4.81983544566
1	2.56473364905	-0.296508125226	0.34925102598
1	-1.24444645646	-3.74573915075	-1.37165764865
0	3.87612186541	-0.962377760485	-3.94512393547
1	1.85616811819	-4.54095015699	0.267463725125
1	-3.0335701016	-0.455419196312	0.34035882565
1	-1.17427705191	-0.0890987825891	-4.01314498251
0	2.33681132644	2.13543212858	4.03122179418
0	-3.87248988031	2.7272288944	2.60022283112
0	3.20012983698	-1.45837250784	3.58322391929
0	-2.24264902676	-3.82808652543	-4.58634813053
0	-2.03580402016	-4.45139946183	-2.00878064563
1	0.850222822628	1.0803199131	0.331314095305
0	1.40811991239	1.83281735009	4.70331500807
1	2.41558131408	-2.00441491079	3.78191232475
1	-2.29434758235	-2.81225421398	-2.87553935465
0	2.32055414736	4.84168376941	0.0166643394273
1	4.62505948929	0.38979129611	0.184073740782
0	3.08387547676	2.45618770331	-4.86054147046
0	4.82172977756	4.61859948307	-4.70266213388
1	-3.88591164215	-0.484321588514	-1.04600477963
0	-2.19774027313	0.822302942125	4.47328039568
1	-2.23003940574	-0.138786870984	-2.87053500205
1	-0.822725172246	0.934238108287	-2.5322144892
0	-1.82962183199	4.27310234281	2.10438251849
1	-2.54370392139	-1.02598016805	0.940643121286
0	-4.23335093145	4.85006902506	-3.80645078643
1	-2.967025953	2.77708123145	-0.066379685382
0	-4.81720790094	-4.24711910441	-1.3616681956
1	-3.53090651714	1.58929233301	2.39083837483
0	4.83047870053	2.32267145754	-2.05337851749
0	4.52142159314	4.40888328153	-4.18702986833
0	-3.02734908606	-2.58583553663	-4.97674396243
0	2.44803081716	-0.978227973779	-4.87214476732
1	2.88234604601	-2.75228676137	1.93358142095
1	-2.0894304033	0.454972159557	-1.31765882362
1	3.47546130097	-1.73908288272	-2.46741540996
1	0.213237238887	3.65264056553	2.29921008206
1	2.7465790487	-2.03240708803	3.12612530448
1	0.248248638532	-2.83932062809	-1.20053307601
1	0.631230387341	0.223215308111	3.22432642004
0	4.00640268106	-1.92613044606	3.93284823337
0	-4.85864138391	-4.43234922889	2.52407104363
0	4.09645731666	-1.30930284907	3.91724438967
0	3.44166734074	2.24956894281	-4.41503752844
1	-1.11090776701	-2.0548168291	2.21714482671
1	1.16481227249	-4.05228761483	-0.764630405747
1	1.66135073979	-4.10106608307	-1.53453900561
0	4.3170253122	-3.77715179002	-4.07733329981
0	3.25164463034	3.51360664533	-4.45028938733
0	-0.361107468128	4.53760706131	2.20217478266
0	-3.25690359016	3.40486818206	3.46037192644
1	-1.89788761352	-2.48163547802	-2.55079525229
1	0.510703377533	0.304689095768	4.69520939602
0	-4.48874449508	3.96643059957	-0.477729428375
0	-2.57753969658	-4.91032831198	-0.482731604276
1	-3.34580742838	-1.64086104606	2.63132112816
0	4.09943815456	4.33412958227	1.40542457287
0	-4.37847288074	-2.81332703324	-0.897512965293
1	3.66107096937	-0.292747053844	-1.61324925865
0	-3.06800487762	-0.976672390242	3.95097328506
0	2.27949787035	4.72290773147	2.436876839
1	2.75124695899	1.51813361034	1.97980720313
1	-0.156553701881	-1.68677494276	1.78695364243
1	-2.09070362504	2.55895699572	-0.767614444314
1	-1.31413305565	-1.95836814479	2.48742193142
0	-3.88655661969	-4.93699260347	0.715302742598
1	1.74352227698	0.702944614736	-1.6179953619
0	-3.93586974321	-1.81436589855	4.60149116226
1	-2.34411597293	-2.63433880722	-3.0289507232
1	1.84771465828	2.16198206133	3.00808566917
1	-3.23413442563	0.68907168275	-0.197287799666
0	-4.63833163793	2.9018877017	0.19444518742
0	-2.37769648796	3.44535124544	-4.75426040888
0	-1.82540321363	-1.65946197849	-4.65639008051
0	1.56350391113	-3.61035626468	3.87786157335
0	-1.2034130344	4.87578442692	-0.265191949325
1	-1.11025697726	-1.86780096405	-1.46435581749
1	-2.06005547515	2.35775359476	-3.47724765909
1	-1.50710551522	2.365982368	3.21623875672
1	1.76278336516	-0.144419528726	0.971908049656
0	2.93323697077	-3.81386872744	4.96187744806
0	-3.62257944639	-0.639321193031	4.57347935382
1	-1.74337662074	1.24618102203	2.48347147783
1	-3.6942705081	1.33981111705	-2.42426808383
0	-4.17079059663	-2.88540116202	0.745970055548
0	3.88473644151	1.40404152336	-4.63727514879
1	-0.901243865953	1.9836695623	0.861039351268
0	0.717262379679	-2.35500393389	4.69592732259
1	-3.55077068487	-1.16843699567	0.0272222830653
1	1.35508119514	3.05914624072	-2.67258299875
0	3.88410928955	-2.39707765336	2.57631879025
1	-2.56466622952	-1.43763445588	-0.399803301618
1	4.4764950349	1.23020481846	1.63965760755
1	0.482196532239	2.28880224781	-1.37963751761
1	-0.123482125682	-0.0609888304245	-0.661074945735
1	-3.98503531285	-1.30956954141	1.81336674942
1	1.71142524638	2.72839605155	2.86791260355
1	-4.5805738618	-0.0171829287717	1.65315653251
1	4.07292969817	2.15746007022	0.161091805058
1	-2.08731105123	-0.830915512708	0.517102890965
1	-1.70868760458	3.86234017161	0.117644359921
0	1.28862062967	2.85581148946	-4.70249958161
1	-3.41946733519	2.08589137783	2.55306238155
1	0.28484926071	-0.24321764589	2.77275497819
0	-3.54794856801	-2.40784651404	3.65095163918
0	3.9950994994	-0.0464480301756	-4.69223130126
0	0.624918809027	-4.72064447727	-2.52719522284
1	1.65963268633	-3.75467507385	-1.43877362662
1	-2.95011800501	-3.1197447962	-0.453081873299
0	-2.33861613981	-1.39273900264	-4.87707478709
1	-2.81122470215	2.7101545583	0.350554102894
0	1.44599353306	-3.04494784233	4.16910837492
0	4.27044362958	4.10510989641	-1.07425010575
1	1.29655502934	0.567392194091	-1.50105850328
0	2.18697050088	2.72820788314	4.57310978868
1	0.675714297619	-1.64266255125	4.60860287274
1	-2.24306800076	-2.26492540198	0.0436022342417
0	0.436644839012	3.72796805347	-4.90450561477
0	-1.57214361927	-4.71422281878	-4.47206702815
0	3.3147431089	2.30645067094	3.61749599415
1	1.35746511529	-2.15938984969	3.86904541277
0	1.93657630123	3.08426133015	3.4351583483
0	4.01751708867	1.39978599562	4.57014099781
0	-2.51929646185	3.94803948052	3.62747459805
0	2.41955658081	-4.65965758449	-0.794385489499
0	-1.07066548449	-3.82994964305	4.73696868016
0	4.54283893913	0.391886226322	3.19855378216
0	-1.25824834928	3.62606311107	4.47331221875
0	-3.3056029467	-3.14755200698	-4.04149892273
0	-0.00352908926625	4.69607642953	2.49264730811
0	4.15143465308	-3.91693299589	3.36282726333
0	2.55780496261	-2.48996285038	-4.11969133309
1	0.205206397978	2.97777351287	-3.96293929047
0	3.4618907657	-2.06741016063	4.48050233148
0	-1.68981199662	3.90356798715	3.98163858308
0	-4.86598543929	-2.42059885863	-3.22241195858
0	4.13668765732	2.7228256108	-1.51853441884
1	-3.67815804818	0.900239593939	-1.34757632367
0	-1.94663573687	-4.62411442024	-0.285270218673
0	-4.32032370812	-3.7693018606	-3.57700898036
1	-4.10808096423	2.37938222397	1.26833010896
0	-2.26286637622	-4.57179885005	1.74818341324
0	-3.78650533333	3.47219605251	-1.18625765127
0	4.21165317835	-2.18208938169	-2.43673774384
0	1.01663435744	-4.45750044503	4.79683122382
0	-0.747055642593	4.95098298707	-0.561157409307
1	0.813367245906	0.721455779343	4.08898888316
0	-4.55827740211	3.52717849611	0.626570426549
0	-2.09758993221	1.37534075406	-4.43533353734
1	-2.11330439759	-2.38641799729	-3.50021714735
0	1.00433681634	-4.97531895435	4.09090640138
1	-4.32507848602	-1.31182123057	1.67584243148
0	4.58077641841	-0.340049837435	-2.33413393323
1	2.62241582335	-1.5234164894	-0.673338734359
1	-3.72270958852	-0.309512665916	-1.52168598848
0	2.84875975316	3.65522169469	2.54203722382
1	-1.12948945879	-0.620752982024	-4.665798933
1	-2.00950037606	-3.53449832741	0.269523475633
1	-3.27885436103	3.04256079341	1.4086599601
0	-1.22787453382	-2.3151685344	4.27695031803
1	-2.90942249321	-3.91693836135	1.08853455315
0	1.62794175424	3.99270702018	-4.10341799164
1	-0.726726228865	3.11271287907	-3.77756015531
0	-2.72127643859	4.71730508285	1.4693535003
1	-4.68559808282	-0.523280850457	1.24182493292
0	0.12679643089	3.40294786236	3.9487742586
1	1.45442959392	4.45774380934	-0.0814262688433
0	4.64819827384	1.55072256793	-4.78060519393
0	4.54841035242	-2.62183993707	1.0384924466
1	-1.85588727202	0.808000348148	-2.44744444683
0	-3.57637680583	-3.45051998871	-3.67382203211
1	-0.507610059031	3.07085901143	-3.77929063641
1	2.21622010683	4.37601472346	0.376150689952
1	0.807975033374	-2.62265338004	2.23006636886
0	-4.82105123743	-3.06203805717	-4.11420663343
1	-0.455997090654	-1.46098463357	1.38027979758
0	4.65280702028	-2.48621280741	-4.400190482
0	3.76561569088	4.07738451548	4.09230334588
1	-2.03122342674	3.65459934329	-2.17058251911
1	0.821191615776	-2.90586060386	-1.70517568667
1	1.44778402312	-0.94856005092	-3.28823611364
0	-4.01764038936	4.08518865593	-3.8335208203
0	-4.73753255051	-0.668723762386	3.89870431796
0	-1.28252605394	4.10311768881	4.59739790709
0	4.3333242725	-0.341499712177	4.71319321064
1	-0.404093487411	-0.593383367481	2.88765685623
1	1.611645746	-1.86747328179	3.96285883038
1	-2.04860485099	3.72925742103	-1.3195700381
1	-3.62593284821	-2.36851151189	2.31787974935
1	-0.381944657437	-0.627781668638	0.896850460238
1	-1.25058459129	1.70750963558	-3.77701203193
0	-4.5925472159	1.6551408926	-4.16685294437
1	3.92079838758	0.870973385035	-0.516477605536
0	4.34659501389	2.90433888344	-0.269102531976
0	-1.65304000298	-3.90794888042	4.33855121803
1	0.27570298329	-1.67283218226	1.02873148779
1	1.65364249907	-2.31005711899	0.281776923036
1	1.13565761745	0.601449923094	4.70422125395
0	-1.56409711634	-4.75538882339	-1.88028766222
0	2.28226205594	3.5271929965	-4.7977239843
1	-2.05352251876	-3.36284080635	0.287134278874
1	-0.703840654736	-1.62267029334	0.00905779689137
0	4.60956118993	3.11720146819	3.33411378106
0	-3.34265051923	-4.50794458844	4.43563344834
1	0.259780402623	-0.0312826949997	-3.11204586769
1	0.480229556839	0.703501893433	3.89890137892
1	2.24794441383	2.85753113152	0.942166325742
1	-2.75395683123	-2.5796769981	2.07664584257
1	3.00386111259	-2.06908071941	1.86730728743
0	-4.85489175003	-0.145419822968	3.98607497905
0	-4.91231773165	-4.4342430935	2.50352470108
0	-2.01690417817	2.77752318013	4.84241068246
0	4.66012052622	3.00982631468	2.2290319095
0	3.70357953455	-2.04467348402	2.95212643517
0	4.15655632533	-1.33714597406	3.9018156274
1	-1.6363758375	-2.71506246817	0.323556892024
1	-2.46228643368	-3.39244061747	-1.15959933338
0	0.117820309802	-4.09900732664	-4.78026381416
1	2.10781047955	3.80974931449	-1.97490020644
0	4.74844030985	-2.56213470363	0.758378968137
1	-4.02573907382	-0.710028260151	-0.67429214631
1	-1.28031872559	4.33286478901	-0.853591232971
1	1.97465422624	-4.03368722125	2.11613365237
1	2.79306421042	-3.50075316175	0.876344402616
0	2.6587023663	2.82168685053	4.70443739126
1	0.543676479536	-2.4657638891	4.23880342864
0	-4.73740167945	-2.849437663	-4.49784104367
1	-0.295341279531	1.23831494145	2.40622683694
1	0.506030950891	-3.18599687154	0.230114732037
0	-2.73519318572	-0.561471422596	-4.63058315937
0	4.86572715659	-0.608134338449	-1.4191731232
0	-2.53213643864	2.19180370573	-4.35012996167
0	2.25898538393	-4.66673946572	-4.08397534128
0	-2.87814712442	1.52344122818	-4.35414357408
0	-2.62548153546	4.5830843178	1.83137492601
1	-0.886481282138	-1.74654930208	1.99662786486
1	1.80391722488	2.25284305662	2.93784590988
0	-4.84336153025	-1.11547097844	1.57148301942
1	-1.44559868044	-2.33581314696	2.05341982893
1	-0.123711893284	-0.243421084961	-4.19209071597
1	0.788345985445	2.51283135361	1.5077006203
1	-2.17383492276	0.288333591417	4.4509263741
0	-0.445021873124	-4.99676724426	-2.96014003562
1	3.30538133367	1.40397795089	1.33093735113
0	3.50826727629	3.61863425067	-0.75561634699
1	2.23943283059	0.931677547252	-0.953602276215
1	-0.993363310559	3.0399391158	-3.07080107913
0	1.60504367622	2.78767898642	4.14130115814
1	-0.477034039416	1.92396802129	4.14947121385
1	0.803108385309	0.133227028759	-3.85281400053
0	0.567670687794	4.36051479679	-4.70313666684
1	-0.528528982993	-4.61363428878	1.1217606993
0	0.882917337164	-4.9340580114	-0.635434533094
0	4.57285394328	-1.66967890408	-4.17944777756
0	-4.48166894773	1.20230543726	2.06886906741
1	0.406844181629	-0.522639329407	0.552945717082
1	2.38839824126	1.78489546602	-1.0474181616
0	-0.222207305442	-4.94671727104	3.70510942069
0	-4.17028152746	-3.58813788798	0.406405597199
0	-3.73576657998	-4.5033671752	-3.3533095887
1	-0.928290180725	0.46285595388	-3.08855535299
1	-0.31274303471	2.95700941261	1.99355966475
1	-3.79178608351	-2.01322684476	1.45543376339
0	4.72150740305	-0.265656614114	2.34096249567
0	4.2271191262	-1.07529270132	-3.77347727035
1	-3.17575071304	0.26067122065	-2.17773788813
1	-0.150088356491	2.14252577746	-3.96694524166
1	-4.09907571464	-0.512642582221	-1.79941192396
1	1.6609274502	-0.0562452723977	2.33126139777
1	-1.52635916987	-4.11806511085	2.23240308588
1	-1.02944952323	-2.43206950478	1.09806260745
1	-3.56729127337	0.489028749061	3.2235306248
1	0.28230609813	0.710387586627	4.84153403139
0	-3.70332663393	2.28544945808	4.15839107335
1	-1.51578658247	-2.93361178539	2.41733500626
0	3.05387025474	4.84009385006	1.45401593754
1	-0.0099737720228	-0.589030030594	-2.67528446768
1	2.63274754168	-1.75917284704	1.57372661687
1	4.16607268584	0.167766084068	-0.878658742586
0	-3.37123667715	-3.02532987077	3.68141939199
1	0.40501810418	-2.17118820866	-0.906903169426
0	2.47411098076	-4.17261882976	3.50534131735
1	4.15020430738	0.593255315988	-2.33528616902
1	0.785987727988	-3.11238824397	1.53410919365
0	4.02247266438	-4.64729938441	1.92276286275
1	3.44687615774	0.145041941313	-0.46090975995
1	-2.06904338938	2.99482740964	1.26882490827
0	3.11965358464	-1.91577170252	-3.78068070543
0	3.84646391036	1.5874070429	-2.85897986225
1	2.82130343254	1.46460539629	3.60063484189
1	1.36126061612	4.5939802161	1.02327786019
0	-3.89625816979	4.09808317668	2.7031849534
1	-0.293799741954	-0.268504253322	-4.06145617417
1	2.9525316775	1.28641501217	-0.068745924886
1	0.358248463648	3.76084472521	0.291827962298
1	-3.52106238819	1.33298129268	-2.59641701637
0	-4.40839341737	3.40532153463	-0.547180236691
1	-2.142186483	-3.42794614805	1.23760107935
1	-4.56113475496	1.19088364055	1.27779149925
0	3.45490699497	-4.7334706	-1.55828167545
1	-1.60060458936	1.94869156951	-3.01503866519
1	1.57838237607	3.90940100569	0.346018791039
1	3.65738717168	1.49218811474	-0.665277313311
1	0.0993868191185	4.53424608602	-0.314825535502
0	2.84996209699	-4.46946676869	4.38010840522
0	-2.54714763288	-4.79495882895	-3.07155876082
0	4.50628579665	4.1283222527	-3.01473714949
0	2.7817936425	3.61093798048	4.05864977318
0	-4.69192280195	0.637680675137	1.72182817956
0	4.44038156185	3.89662237356	-1.27666745618
0	4.40448690272	1.01222355791	-4.42334381478
0	-2.34869206716	-2.63594721422	4.47859040161
0	-0.266475184059	4.2707238381	3.80709625095
1	-2.24958685638	-1.54317863997	-3.48906100309
0	-3.9088560232	-3.49444979887	-0.131748811089
1	-3.20729991368	-3.54860314884	0.373086489173
0	-4.7940855774	2.70700781792	3.02517080086
0	4.69191202231	2.15777267702	3.83463908977
1	-1.19274896201	-2.86229532463	2.50605850057
0	4.71072601746	4.90704278733	-2.9127352642
0	-3.84510156549	4.41053514999	-2.97577967872
1	3.47225776631	-1.70031228639	-2.26829069879
0	4.27074302595	-4.18683205284	1.2656545186
0	-4.60883624873	3.80872654823	-3.85471069453
0	-1.81622409073	-4.76028923309	-4.15460944203
1	2.59406215654	-2.35137343886	-0.125338536429
0	2.67428703946	3.65936606297	-4.01693946414
0	-2.42962281653	1.98740350542	-4.05416087274
1	-3.17844438836	1.65541782846	0.949761153785
0	-2.58441707834	-4.76556148544	1.53332005941
1	1.20004312341	-1.61092855592	3.52533910848
1	2.36759509591	1.75965817356	-2.98162949997
1	3.71577313039	-0.887098052887	-3.06434992817
0	-3.80237956079	-3.93449118621	-4.39474218195
1	1.56664464735	0.55704468881	-1.08997799759
0	-2.70250517957	4.72060977928	-4.57376945445
1	4.30897017319	1.67854392039	0.778379404441
0	-3.92082680499	2.13299587082	-2.82970381322
1	0.526247154139	2.58932520675	-3.70982709995
0	3.36985560021	-4.82043469664	-0.570294867235
0	2.99888764513	3.30822714014	-4.07606982368
1	-0.573939064147	-0.863661665255	2.20713746509
1	3.91728269239	0.1793674716	2.35457992134
1	1.45563640108	2.17548413487	1.96817202847
1	0.982477275564	4.10242494636	1.78101048309
0	-2.03373563831	4.84091821096	-4.60643684437
0	-4.9485444702	-4.2598777772	2.07238488337
1	0.198445454519	3.92903266551	1.10851788011
1	-0.469394492068	-0.786051453425	-4.5843585763
1	3.05216249386	-0.863281970524	-0.669738667856
1	-2.55572898752	-2.22446588941	-1.42254918463
1	-1.70545513342	4.07958454331	-0.825253619133
0	-1.68370193768	-3.31056143044	-3.99775733547
1	2.19560601788	1.28949406633	3.49277829821
1	-1.27009607786	2.27323146863	0.23633830233
1	0.364073657131	2.83165374578	2.75421541719
0	2.20680696968	-1.49354027123	4.50288378941
0	-4.00442416725	-3.11530732309	1.3682974771
1	0.372780781783	0.749135996916	4.88946874863
0	-4.52052310041	-3.86670686594	-0.608374943572
0	-4.57107884367	3.84045904085	-1.00363459394
0	1.19671724922	2.47026085436	-4.84718571829
1	-2.63402933809	0.233308220377	0.886203524999
1	3.30704114444	2.4600381152	-1.85418303377
1	-0.910198007917	1.45058329939	-0.929078699594
1	-1.93552567888	-1.9804921027	-1.14017848804
0	-0.12503666578	-3.88509201118	3.38403213208
0	-2.34553345743	-4.76518185026	4.15188764786
0	-1.9725197769	-4.79550450826	2.94468430472
0	3.80692686479	4.92094229611	4.64550262984
0	-2.77569206804	-4.21986281818	-3.53425331617
0	4.61063880426	2.74902888682	-3.5359283049
1	-2.48724662579	1.0600028119	2.37372053033
0	4.87675750223	3.45528333632	4.02190671109
1	2.23195928895	-2.26382704881	0.659120844786
0	-2.26364003439	2.71631455718	4.35229153426
0	0.852249858557	4.40395334753	3.15716856628
0	-2.26226630666	4.16304895439	2.94235198775
0	4.61915237306	-0.898281081084	4.21493772195
1	4.13744122337	2.52787841891	-0.653194316279
1	-2.2959069843	0.0802604475484	-0.621180797849
1	-4.72137112801	-1.03809271913	1.06037159471
0	2.04325940972	4.10762143794	2.87424116823
1	3.6365372197	-0.912686695898	-2.60594810636
0	-3.5515721455	-3.88184011335	-1.72022148959
0	-1.29784887806	-3.70835783581	-3.59145485864
0	-3.72292477014	3.40156473708	-4.5975552512
0	-1.23984992777	4.14963396474	4.21291444407
1	2.06403803221	-3.20471527784	-3.20511069346
1	-0.790481940844	1.87714409851	3.70213114702
0	-2.50414442913	-4.9404696835	2.84693134217
1	1.83191604859	-1.42294471939	-0.377307989147
1	-0.683078723986	-2.64431040189	4.11156173062
0	-3.13505591458	-3.87855998272	4.17875121169
0	-3.66818359247	0.616234802573	3.65669045187
1	-3.52990541449	3.06010448392	1.16876163568
1	-0.273781392284	2.98245495078	-3.51877425113
0	-1.65310446753	-3.83881928098	-3.00150750303
1	-1.5245477832	-2.02281700282	-1.57271524326
1	-2.06325816505	-2.07728392702	0.87730458643
0	4.79489980014	-3.65386436348	1.16906944983
1	1.51871146718	2.01896016712	-3.08332091585
1	-2.30059844411	0.757484022682	-1.46987182807
1	0.729762285897	-2.37696184772	-3.97599489486
0	1.67648976339	-4.85610698702	-4.08635668922
0	-3.86805730127	2.7814837626	-4.8668909136
1	-0.520428745634	-4.71640764923	-0.917212163905
1	0.469204060107	-2.73053785588	2.52611779728
0	-1.86789004196	2.77586409598	3.7996101116
1	-0.00762252164404	0.899002187472	4.62255956831
1	-0.543484488544	-2.62494026321	3.05897816349
1	1.88516270961	2.64814922058	3.41558258312
0	4.80029547718	2.05411818559	-3.8557835781
0	3.78704250735	-0.174149960619	3.67688926891
1	-1.72758220179	0.944843278761	2.14300146213
1	0.46269661676	-1.44451855147	-1.08933106668
1	-2.24748101866	-0.799494083499	-2.89816287307
0	-3.78924053169	-0.113294026656	4.77789155082
1	-0.925851597991	2.42312634974	-3.24892525173
1	-1.25876418899	0.90772107665	2.8200367496
1	3.86106806806	0.509003942804	0.958732344205
0	3.75784913426	-2.35223878222	3.55905242836
1	-0.513455276586	-3.37671751178	-0.755760258049
1	2.83572851544	0.930407932366	3.19322598764
1	1.82514109208	-2.51080777389	2.523145844
0	-4.1763671159	4.53326782414	-2.24724628216
1	2.0009540988	2.22947045251	1.77988027969
1	3.42797283456	1.39726724996	1.6742516964
1	-3.09248225286	-1.30883457042	-0.75698959853
1	2.19877669158	-0.309851083451	0.682511170204
1	-1.53366020907	-1.00242654535	3.69892246733
0	-4.86549440781	-4.21174978753	4.8224678584
1	-3.74611629489	-1.06572149437	0.783004323779
0	-4.56385173242	2.75703793475	2.54729164566
0	3.77298388177	4.68734196082	4.94880586001
1	0.921936949473	-4.41819044243	0.743713981235
0	1.0395825842	4.41580322783	-3.35661841971
0	-2.41444212984	-4.92138355809	0.115446999804
1	2.22002604798	-3.15597724627	-1.35102594201
1	-0.33333971586	2.50064275441	-2.10866661859
1	-1.62488057487	-3.55465012656	-1.26919870248
0	1.54983670785	4.6492323243	4.89502513548
0	-2.18466692952	-4.49193148123	-1.20539673584
1	-0.584446759537	-4.40987779625	2.01229265108
1	-4.19855049404	0.824662551925	-1.09869009967
1	-0.357181153801	-2.73356706927	-2.31801679644
0	2.02565552668	4.72752254984	-2.4615264706
0	-4.99144378981	0.086041629436	-1.69076772189
1	1.69553636372	-0.93381071653	0.674509884349
0	2.86443810948	-3.75142285592	-2.2548106563
1	3.84799953485	-1.20438234675	-1.58533682979
1	-1.43012001434	-0.501090069183	1.99107787551
0	4.39928127986	1.28165908732	-4.36407176592
1	-0.195711240037	-2.9319757049	-1.40428748427
1	3.86963211267	2.36794001397	1.64960599199
1	-1.77367532121	0.294191070539	-2.49489155812
1	-1.09044858473	3.55847047658	1.39846252276
0	2.38660865124	4.60323439442	-4.30098299079
0	4.05500883932	-4.29684726124	-2.66874710711
1	2.01559792583	-0.867646809099	3.95970288516
0	0.610092795575	4.37509516216	-2.77472607813
0	-3.81648717401	3.92170222668	-3.77406759918
1	-0.749700808859	4.69558270318	0.924549880379
1	-3.1881683193	0.772467984639	0.636722064476
0	3.64936431562	4.24331406679	-4.79307830134
1	1.00072648714	0.0524409136309	-1.9426069016
0	4.53906375263	-1.40921376057	1.85000907909
1	0.870868818781	2.69273294179	1.88225906927
0	-2.34567065177	-3.30576546153	-4.54523336433
1	-3.89820626337	-0.0178777422469	-2.11395596968
0	0.228019497956	2.70307954328	4.6939831823
0	-3.85243401083	3.59683750909	0.40549068414
0	-3.81610538654	-1.9156178448	-2.900934659
0	-0.53482331419	4.51873830088	4.55345297537
1	1.24617324172	2.97041640341	1.9271974372
0	-3.65382855123	4.88941625912	-3.33321825742
0	-4.44502611904	3.03074355144	-4.88715136779
0	0.994040100157	3.22889208416	-3.89181364825
0	-4.30621195002	4.93021464842	-1.29844963317
1	-3.28240635222	-1.70260546258	2.68822073072
1	1.95882616531	-0.0140499864168	-2.95067773978
1	-2.25072569058	2.97897313678	1.55966444353
1	-1.56160359044	-2.27474709346	4.11251971186
1	-1.56463817512	0.953213466301	3.61485425912
1	0.396976222163	3.9008840405	1.93658771442
1	3.01569255461	-3.11986081837	2.31348179736
0	-3.2691762571	3.53410819928	2.35459044673
0	-3.93824966038	0.149291437031	4.91880670807
0	3.36775013897	3.61612671576	-1.77014927704
0	3.68264030917	-3.47258813174	2.40342527015
0	-4.72094214993	2.1127754423	-1.92005427376
0	-2.25580804293	-4.50708637447	-2.74096757049
1	1.36620496819	-0.37744903615	1.13597151819
1	3.11418278507	1.75329823054	0.0918032334748
1	4.36695523242	-1.12823283874	1.05645321918
1	-1.72964832622	-1.23314962766	3.71519111014
1	-3.44987808662	0.374829275826	-0.94265042105
1	4.41764719001	-1.70681800173	0.505697459416
1	4.16486817613	1.669983992	0.463855801079
1	2.73556009396	1.26782972616	1.75343950644
0	4.49692160486	-2.79289751296	0.892384701894
1	-2.95628364566	-0.708776245666	-0.566520876833
1	0.721030643079	4.18825493027	0.711250905513
1	0.377319935412	-4.4089364587	-2.27218425822
0	-3.83359586171	-0.0864713975739	-3.28396224909
0	4.52023851171	-2.04456960213	2.00698704781
1	2.1724928159	0.0424696554355	1.32184177215
1	-1.34394570573	-2.05279904506	0.305878518293
0	-3.84889951483	0.908102136315	-4.46960377429
0	3.05167036686	0.11166324368	4.00687082095
1	-1.24766493322	0.067697468648	-2.71344311746
0	3.60732793786	4.01354203739	-2.92239463709
1	-1.83488684696	-1.96207634464	0.946732015669
0	0.196023948415	4.73911759484	-1.58328649672
0	4.44309888778	3.25392523206	-1.00172485351
1	1.66955905373	3.84768671653	-1.65470434284
1	0.113923442923	2.58954258399	-2.94182194674
1	1.73954131884	4.24610499807	1.22203002317
1	4.45696679768	-0.675755640091	1.89479837774
0	4.9483905322	4.99732908753	0.725855126159
1	-1.5534584985	-2.87048289691	-0.415857693575
0	3.31304437956	4.67702587818	3.24195599911
0	-4.65522454291	-4.21686468663	1.87336670593
1	-4.13541158424	0.898323238325	0.300685492172
0	1.18589607575	4.25259939902	-4.78231038336
1	2.08852631797	-1.8653939583	1.30634254254
1	3.62319842644	-0.767564983741	-1.43584535269
0	3.86113532765	-2.83086885492	-2.31678396152
1	2.0442684603	2.65873341863	-1.33872105846
0	3.51693175693	0.88819313257	-4.54303492103
0	2.58308853975	-4.75730505623	0.464679637314
0	-4.11367566378	2.70526109228	-3.63522560639
0	2.08160137445	-3.67632438838	-4.22843001138
1	2.14826213618	2.49543711076	-3.60271359336
1	-1.66485559767	0.818832822397	4.34279460649
0	-2.5947210508	4.6947834245	-4.5004647309
0	-0.813776418238	-4.01004570678	3.27785755519
1	0.434427855797	3.01525356812	2.95448832754
1	0.136914931445	-2.37183911699	1.96027955022
1	-0.194314561406	-2.8666588319	4.06892107832
0	4.95448375242	1.2169996237	-1.092910077
1	0.95907207418	0.59709651063	-0.18232717046
0	2.49746105921	4.37967207706	-2.82904361518
1	-1.38587080854	1.39228990116	-0.507284519729
1	0.935712970671	2.37853666994	-1.00915022774
0	-3.89218383665	3.58716652828	0.498160301974
1	-0.296436027522	-4.03418556621	-1.6992533918
0	2.79358826755	3.04505632098	4.74823521759
0	1.96521839784	-4.94271906184	0.514891510329
0	2.54362585591	3.72946538733	4.69634669908
0	-4.22448354193	-4.33085982522	3.15568367979
1	0.36980612349	0.0263931193227	1.7322173181
0	-4.29919983489	-4.23842965636	0.712911296936
0	3.03829842513	3.69914159843	-2.5704134744
0	4.00454568214	3.78486000741	3.04088241145
1	-1.34069608648	2.05855632496	-3.58011770527
1	-0.166203276654	0.717657489486	-4.44995585956
1	1.30381858212	2.37892915672	2.12150649612
1	-1.18631923727	-2.86752657071	2.02915612726
1	0.674479163489	-0.0502334893076	-1.8363101073
0	-3.29591925114	-3.48164336839	-2.2192203309
0	2.82942725783	4.69531393172	0.376796617276
0	-3.02433042365	-4.13787261979	-2.65455129615
0	-1.40134279872	-4.46250000296	-4.99386703428
0	4.45927680852	-3.81828539757	-4.63279133754
0	-0.17662819351	-3.45176813253	4.60645906778
0	-4.50182353878	-3.5171069375	-1.82914733433
0	4.99007617973	-3.90085091793	-2.77301714326
0	-3.24288103352	-1.56819485809	-4.33379314666
0	2.56349820354	1.84107950337	-4.24265812979
0	3.0424709022	3.2890565068	3.44439569176
0	1.1445792692	-4.37376276625	3.07356153361
1	2.14245895653	-1.98895244765	-2.35537745069
1	-0.767321889529	-1.99579046325	3.63964652035
1	-1.58376113487	3.68557994466	-2.59316475653
0	-4.71233038064	-2.30884227271	2.35076026657
0	-0.150264485122	4.77711018478	2.84432628706
1	3.45759188527	0.143610868063	3.43324594435
0	3.88334207685	3.89883317455	0.728050952497
0	1.20180829846	-4.57112378198	-4.97374221619
0	-0.198867870223	3.01216813775	-4.52282117128
1	1.78316961766	1.17825513269	3.45107748665
0	4.86955914582	2.56327251604	1.91912974453
1	1.77998845853	-3.07034437946	1.65438904993
0	4.19832518499	4.54727689869	4.62996016527
1	2.24402982655	-1.58898753857	3.29951396489
1	2.68709757173	0.599609250392	-3.43180808797
0	0.396395030431	2.20232727354	4.5083514229
1	0.973563073894	-4.77776162941	0.225969995264
1	-0.102112753502	-1.11364482877	-0.59558098703
0	4.62689012612	4.13285343783	-2.50599597596
1	-2.55722908834	1.03159058066	-3.09216641194
0	3.71432480865	4.87454682993	-4.28391402609
0	-3.17259940146	0.685867075883	3.92631050431
0	4.46924477773	0.325450103248	4.24658922941
1	1.11128187237	-4.09153780458	-1.2818276555
0	4.79558458252	3.40860467927	3.35499793023
1	-1.69331295568	-1.67223206881	3.94390523172
1	3.31152136493	-0.556144272065	1.40112506622
0	-4.89343790533	-4.27044611404	-3.21741969527
0	0.425240782456	-3.57302199603	-4.7647135138
1	-0.558817978206	-0.90004963753	-3.14547606339
0	2.71219385046	-2.3772252685	3.71358485736
0	2.8540181864	-4.24062998157	-1.94487340448
0	-4.21915146105	-2.80036697378	4.00761885583
0	-3.93890078635	4.31765186507	3.29833832318
1	2.36910499663	-3.40810466989	2.23861632387
0	-0.244319836373	-3.28004929067	-4.68056260802
0	-3.44934969432	-4.877445975	-0.626084180997
